1 0 4 5 4 3
1 1 4 4 4 3
1 2 3 3 5 4
1 3 4 4 3 5
1 4 3 4 4 4
1 5 4 5 3 5
1 6 5 5 4 4
1 7 3 5 5 5
1 8 4 5 4 5
2 0 4 5 4 4
2 1 3 5 3 4
2 2 4 5 3 3
2 3 3 3 5 5
2 4 4 3 3 5
2 5 3 5 3 3
2 6 4 4 3 4
2 7 3 5 3 4
2 8 4 3 4 5
3 0 4 5 3 5
3 1 3 3 5 4
3 2 5 3 3 3
3 3 4 4 4 5
3 4 5 4 3 3
3 5 4 5 5 4
3 6 4 3 4 4
3 7 4 5 3 5
3 8 5 5 5 5
4 0 4 4 5 4
4 1 4 5 5 3
4 2 3 5 5 5
4 3 5 4 3 4
4 4 3 5 3 5
4 5 3 5 5 4
4 6 3 5 5 3
4 7 4 5 4 5
4 8 4 3 5 5
5 0 3 4 3 5
5 1 3 3 3 4
5 2 5 5 3 3
5 3 5 5 4 4
5 4 5 4 4 4
5 5 3 5 3 5
5 6 3 4 3 4
5 7 4 4 5 5
5 8 3 5 3 4
6 0 5 4 3 4
6 1 5 5 3 5
6 2 5 3 3 5
6 3 5 5 5 5
6 4 4 4 4 5
6 5 4 5 4 3
6 6 3 4 5 3
6 7 3 5 3 4
6 8 5 4 4 3
7 0 3 4 5 4
7 1 3 3 4 5
7 2 3 4 5 4
7 3 4 4 3 5
7 4 4 3 5 3
7 5 4 5 5 3
7 6 3 4 4 3
7 7 3 5 5 5
7 8 3 4 3 5
8 0 4 5 5 4
8 1 3 3 3 4
8 2 4 5 4 4
8 3 4 5 4 3
8 4 4 3 3 4
8 5 3 5 5 4
8 6 3 4 4 3
8 7 5 4 5 5
8 8 4 3 4 3
9 0 5 3 4 5
9 1 4 5 5 4
9 2 4 5 3 5
9 3 3 3 3 4
9 4 5 4 5 3
9 5 5 5 5 5
9 6 5 3 5 5
9 7 3 3 5 3
9 8 4 4 4 4
10 0 5 3 4 3
10 1 3 3 4 5
10 2 3 5 5 5
10 3 3 3 3 3
10 4 5 5 4 5
10 5 3 5 3 3
10 6 5 3 5 5
10 7 5 3 5 4
10 8 4 4 5 3
11 0 4 4 3 5
11 1 3 3 4 5
11 2 3 5 4 3
11 3 5 3 3 5
11 4 5 3 4 4
11 5 5 3 3 4
11 6 3 3 3 5
11 7 5 3 4 3
11 8 5 3 5 5
12 0 3 5 4 4
12 1 5 3 4 4
12 2 3 4 5 4
12 3 3 5 5 4
12 4 4 5 4 5
12 5 4 5 3 4
12 6 5 5 4 4
12 7 4 5 3 4
12 8 3 4 4 5
13 0 5 4 5 4
13 1 4 4 4 3
13 2 4 3 4 5
13 3 4 5 5 4
13 4 5 3 4 3
13 5 4 3 3 5
13 6 5 3 5 5
13 7 3 3 4 5
13 8 3 3 4 5
14 0 5 5 3 4
14 1 3 3 3 4
14 2 4 3 3 3
14 3 5 5 5 3
14 4 5 5 3 5
14 5 4 3 3 4
14 6 5 3 5 4
14 7 3 3 5 4
14 8 3 3 4 5
15 0 5 3 3 5
15 1 3 3 4 3
15 2 3 5 5 3
15 3 5 5 4 3
15 4 5 5 5 5
15 5 5 3 3 3
15 6 4 3 5 4
15 7 4 3 3 4
15 8 5 5 5 3
16 0 3 4 4 4
16 1 3 4 4 5
16 2 5 3 5 4
16 3 4 5 3 3
16 4 5 4 3 3
16 5 5 4 4 5
16 6 5 5 4 4
16 7 3 3 4 4
16 8 4 4 4 4
17 0 4 3 4 5
17 1 3 5 5 5
17 2 4 5 5 3
17 3 5 3 3 4
17 4 4 3 4 4
17 5 4 3 4 5
17 6 3 5 5 5
17 7 3 3 5 4
17 8 4 3 4 5
18 0 4 5 4 5
18 1 3 3 4 3
18 2 5 4 3 4
18 3 4 4 5 3
18 4 4 3 5 5
18 5 4 4 3 3
18 6 3 5 4 3
18 7 3 5 3 3
18 8 3 4 4 4
19 0 5 5 4 5
19 1 5 4 3 3
19 2 3 5 4 3
19 3 5 3 4 3
19 4 5 5 3 3
19 5 4 3 4 3
19 6 3 4 3 5
19 7 5 3 5 3
19 8 5 4 3 3
20 0 3 5 5 3
20 1 5 3 5 4
20 2 4 5 3 3
20 3 5 4 4 3
20 4 5 5 3 3
20 5 5 4 3 4
20 6 3 5 5 5
20 7 5 4 5 4
20 8 4 3 5 4
21 0 4 5 3 3
21 1 5 4 4 5
21 2 3 5 4 3
21 3 3 3 3 5
21 4 5 5 5 3
21 5 4 3 3 3
21 6 5 4 4 4
21 7 4 5 3 5
21 8 3 3 4 3
22 0 4 3 4 5
22 1 4 3 4 5
22 2 3 4 3 4
22 3 5 5 4 3
22 4 5 5 3 5
22 5 4 3 5 3
22 6 5 4 3 5
22 7 3 5 3 5
22 8 5 3 3 5
23 0 5 4 4 4
23 1 3 4 3 4
23 2 5 4 5 3
23 3 5 4 5 3
23 4 3 3 5 4
23 5 5 4 3 4
23 6 4 5 5 3
23 7 3 5 3 4
23 8 3 4 5 5
24 0 4 4 4 4
24 1 3 3 3 5
24 2 3 4 3 4
24 3 4 5 5 4
24 4 5 5 4 3
24 5 5 4 5 4
24 6 3 3 5 3
24 7 4 5 4 4
24 8 5 4 3 3
25 0 4 3 5 4
25 1 5 3 3 4
25 2 3 3 4 4
25 3 4 4 5 4
25 4 5 4 4 3
25 5 5 5 3 3
25 6 5 3 5 3
25 7 5 4 3 4
25 8 5 4 5 3
26 0 3 3 4 4
26 1 5 4 3 4
26 2 3 4 3 4
26 3 4 4 3 5
26 4 5 3 5 4
26 5 3 4 5 4
26 6 4 4 5 4
26 7 3 5 4 4
26 8 4 4 5 5
27 0 4 4 5 3
27 1 4 4 3 3
27 2 4 3 5 5
27 3 3 4 5 3
27 4 3 4 4 3
27 5 3 5 4 3
27 6 4 5 3 4
27 7 5 4 4 3
27 8 4 3 5 5
28 0 5 3 4 4
28 1 3 5 5 5
28 2 5 3 5 3
28 3 3 4 3 4
28 4 3 3 4 3
28 5 5 4 5 5
28 6 5 5 5 3
28 7 4 5 3 5
28 8 3 3 5 5
29 0 5 5 4 3
29 1 4 5 3 4
29 2 5 5 5 4
29 3 4 4 4 4
29 4 3 4 4 5
29 5 3 3 5 4
29 6 5 5 3 4
29 7 4 3 5 5
29 8 4 5 5 3
30 0 5 4 4 3
30 1 5 4 4 4
30 2 3 4 5 3
30 3 4 4 5 4
30 4 5 3 3 3
30 5 5 4 3 3
30 6 5 5 5 5
30 7 4 4 4 3
30 8 4 5 3 3
31 0 5 4 4 4
31 1 3 4 3 5
31 2 5 4 5 5
31 3 5 3 4 4
31 4 5 4 3 5
31 5 4 3 3 4
31 6 4 4 4 4
31 7 4 4 3 3
31 8 3 4 3 5
32 0 5 3 5 4
32 1 5 4 5 5
32 2 3 4 3 4
32 3 3 3 3 3
32 4 3 3 4 5
32 5 3 3 4 4
32 6 3 4 3 5
32 7 3 4 5 3
32 8 5 4 5 5
33 0 3 4 4 4
33 1 5 4 5 3
33 2 5 5 4 4
33 3 3 5 5 5
33 4 3 5 3 5
33 5 4 4 3 4
33 6 4 5 5 5
33 7 4 5 4 4
33 8 3 5 3 5
34 0 4 4 3 4
34 1 3 5 4 5
34 2 5 3 5 3
34 3 3 5 5 3
34 4 5 4 4 3
34 5 5 3 4 5
34 6 3 4 5 4
34 7 5 4 5 4
34 8 4 4 5 5
35 0 3 3 5 4
35 1 3 4 4 4
35 2 3 4 4 5
35 3 5 3 3 4
35 4 5 5 5 4
35 5 3 5 5 4
35 6 4 4 3 3
35 7 4 4 5 3
35 8 3 4 3 5
36 0 4 3 3 3
36 1 3 4 3 3
36 2 4 4 4 4
36 3 3 3 5 4
36 4 5 3 4 3
36 5 3 5 5 4
36 6 5 4 5 4
36 7 3 5 5 4
36 8 5 4 4 5
37 0 3 4 4 4
37 1 3 4 5 5
37 2 5 3 4 4
37 3 5 5 3 3
37 4 4 3 5 3
37 5 5 3 3 3
37 6 4 4 5 5
37 7 3 5 4 5
37 8 3 3 3 5
38 0 5 3 4 5
38 1 4 3 5 3
38 2 5 5 5 4
38 3 3 3 3 5
38 4 4 4 4 3
38 5 5 4 4 3
38 6 5 4 5 4
38 7 5 4 5 5
38 8 3 5 4 3
39 0 3 5 5 5
39 1 3 5 3 3
39 2 3 4 5 4
39 3 5 3 4 5
39 4 4 3 4 5
39 5 5 5 3 3
39 6 4 4 3 5
39 7 5 3 3 3
39 8 5 3 4 3
40 0 3 5 3 4
40 1 3 5 5 4
40 2 3 4 3 4
40 3 5 5 5 3
40 4 4 4 4 5
40 5 5 5 5 4
40 6 3 5 3 5
40 7 4 4 5 3
40 8 4 4 4 5
41 0 3 3 3 4
41 1 5 3 5 4
41 2 5 4 4 4
41 3 5 4 3 4
41 4 5 4 4 4
41 5 4 3 3 3
41 6 4 4 3 4
41 7 5 3 4 5
41 8 4 3 3 4
42 0 4 3 5 5
42 1 4 3 3 5
42 2 5 5 3 3
42 3 5 3 5 5
42 4 5 5 4 4
42 5 5 4 5 5
42 6 3 5 4 5
42 7 5 3 4 5
42 8 4 5 3 3
43 0 4 3 3 4
43 1 3 3 5 4
43 2 5 4 5 3
43 3 4 4 5 4
43 4 5 3 3 5
43 5 3 5 5 4
43 6 5 4 3 5
43 7 4 4 4 5
43 8 3 4 4 4
44 0 4 5 4 4
44 1 4 5 5 4
44 2 5 3 5 5
44 3 5 5 3 3
44 4 5 4 3 5
44 5 3 5 5 3
44 6 5 3 4 5
44 7 3 5 4 4
44 8 3 4 5 5
45 0 4 5 3 3
45 1 3 3 5 3
45 2 3 3 4 4
45 3 4 5 3 3
45 4 5 5 3 3
45 5 5 4 5 5
45 6 4 4 4 5
45 7 4 4 4 4
45 8 3 5 4 5
46 0 5 3 5 5
46 1 5 5 4 5
46 2 3 4 5 5
46 3 5 3 5 3
46 4 5 4 3 4
46 5 3 3 5 5
46 6 4 4 5 4
46 7 4 5 5 5
46 8 4 5 4 4
47 0 3 5 5 4
47 1 4 4 4 4
47 2 4 4 5 3
47 3 4 5 3 3
47 4 3 4 3 3
47 5 5 3 3 5
47 6 4 3 4 4
47 7 5 3 3 4
47 8 3 4 5 3
48 0 3 4 5 5
48 1 5 3 3 3
48 2 3 5 4 5
48 3 5 4 5 4
48 4 5 4 3 5
48 5 3 5 5 4
48 6 5 4 3 3
48 7 3 4 5 3
48 8 4 4 4 5
49 0 5 3 3 3
49 1 4 5 5 4
49 2 5 4 5 3
49 3 4 4 3 5
49 4 4 5 5 5
49 5 4 3 4 5
49 6 4 5 5 5
49 7 3 3 3 4
49 8 3 4 3 4
50 0 3 5 4 3
50 1 4 5 3 4
50 2 4 4 4 4
50 3 3 5 3 5
50 4 3 4 5 4
50 5 4 5 3 4
50 6 4 4 3 4
50 7 4 4 3 4
50 8 5 5 4 3
51 0 3 4 5 3
51 1 4 4 3 3
51 2 4 5 4 4
51 3 4 4 5 3
51 4 4 4 5 4
51 5 5 4 5 5
51 6 4 5 4 4
51 7 4 3 4 4
51 8 4 4 3 5
52 0 4 3 4 4
52 1 4 3 4 3
52 2 5 4 5 5
52 3 3 3 5 4
52 4 3 3 3 3
52 5 3 3 5 4
52 6 4 4 4 4
52 7 5 5 3 5
52 8 3 4 5 5
53 0 5 5 3 3
53 1 4 5 4 5
53 2 4 3 3 3
53 3 5 5 5 5
53 4 5 3 4 3
53 5 4 5 4 5
53 6 3 5 3 5
53 7 3 4 3 4
53 8 3 3 3 5
54 0 3 3 5 4
54 1 4 3 4 5
54 2 4 5 3 3
54 3 5 4 3 5
54 4 5 4 3 4
54 5 5 4 5 3
54 6 5 4 5 3
54 7 4 3 4 5
54 8 5 4 4 4
55 0 3 5 3 5
55 1 3 4 4 5
55 2 4 4 5 4
55 3 4 5 3 5
55 4 3 4 5 5
55 5 4 4 3 5
55 6 5 3 5 5
55 7 4 3 3 5
55 8 4 5 5 3
56 0 3 3 4 4
56 1 3 5 5 5
56 2 3 4 5 3
56 3 3 5 4 4
56 4 5 4 5 4
56 5 3 5 4 5
56 6 5 4 3 3
56 7 3 3 4 5
56 8 4 5 5 5
57 0 5 5 4 3
57 1 5 5 4 4
57 2 4 3 3 5
57 3 5 3 5 3
57 4 5 3 4 5
57 5 3 4 5 4
57 6 4 5 4 3
57 7 3 4 5 3
57 8 5 5 3 3
58 0 3 3 5 4
58 1 5 4 5 3
58 2 5 3 3 3
58 3 5 4 4 3
58 4 3 5 5 3
58 5 5 4 5 5
58 6 3 3 3 3
58 7 5 4 4 4
58 8 4 3 5 4
59 0 4 3 4 3
59 1 5 4 4 3
59 2 4 4 3 3
59 3 4 3 4 3
59 4 4 4 5 5
59 5 5 5 3 5
59 6 3 3 5 3
59 7 4 4 5 3
59 8 3 5 4 5
60 0 5 5 4 4
60 1 4 5 5 5
60 2 5 5 4 5
60 3 4 5 4 4
60 4 5 4 5 5
60 5 3 5 3 4
60 6 4 5 5 5
60 7 3 4 3 3
60 8 4 5 4 4
61 0 5 5 4 4
61 1 5 3 5 4
61 2 3 3 3 4
61 3 4 3 5 3
61 4 5 4 3 4
61 5 5 4 5 5
61 6 5 3 3 5
61 7 5 4 3 3
61 8 4 5 4 3
62 0 4 3 3 3
62 1 3 3 5 3
62 2 3 5 4 3
62 3 4 3 4 4
62 4 5 5 4 3
62 5 4 5 4 4
62 6 3 3 5 5
62 7 4 3 4 3
62 8 4 4 4 3
63 0 4 3 3 3
63 1 3 4 5 5
63 2 5 3 4 5
63 3 4 3 3 4
63 4 5 3 3 3
63 5 5 4 4 3
63 6 5 5 3 3
63 7 5 4 5 4
63 8 3 3 3 3
64 0 4 5 5 4
64 1 4 3 4 3
64 2 3 3 5 4
64 3 4 4 5 4
64 4 4 5 3 3
64 5 4 3 4 4
64 6 4 5 5 5
64 7 5 3 4 3
64 8 3 3 4 3
65 0 4 4 4 5
65 1 5 3 4 5
65 2 3 3 5 5
65 3 4 5 4 4
65 4 4 3 3 5
65 5 4 3 5 4
65 6 5 4 4 3
65 7 4 4 4 4
65 8 5 3 3 3
66 0 3 5 4 3
66 1 3 5 3 3
66 2 3 3 3 5
66 3 4 3 4 5
66 4 4 3 5 3
66 5 5 3 5 3
66 6 4 4 5 4
66 7 3 3 3 4
66 8 4 5 3 5
67 0 3 5 3 3
67 1 3 4 5 5
67 2 3 5 3 5
67 3 4 5 5 3
67 4 4 3 4 3
67 5 4 3 4 4
67 6 5 5 5 3
67 7 3 5 4 5
67 8 3 3 3 4
68 0 5 3 3 4
68 1 5 3 3 3
68 2 5 4 3 5
68 3 5 5 5 4
68 4 5 3 3 4
68 5 3 3 4 3
68 6 4 5 5 5
68 7 4 5 5 3
68 8 5 5 3 5
69 0 4 5 3 5
69 1 4 3 3 5
69 2 4 4 4 3
69 3 3 5 4 3
69 4 4 4 4 3
69 5 3 5 5 4
69 6 3 4 4 4
69 7 4 5 4 3
69 8 4 3 4 4
70 0 4 4 3 3
70 1 3 4 4 4
70 2 4 4 4 5
70 3 3 4 5 4
70 4 4 4 3 5
70 5 4 5 5 4
70 6 3 3 3 5
70 7 5 5 5 3
70 8 5 3 5 5
71 0 3 3 3 3
71 1 3 3 4 3
71 2 5 4 3 3
71 3 3 5 3 5
71 4 3 3 3 4
71 5 4 4 3 4
71 6 5 3 5 4
71 7 3 4 5 3
71 8 3 4 4 4
72 0 4 3 3 5
72 1 5 5 3 3
72 2 4 4 3 5
72 3 3 3 3 3
72 4 3 4 5 3
72 5 3 3 4 3
72 6 5 5 4 4
72 7 4 5 4 3
72 8 4 4 4 5
73 0 3 3 3 3
73 1 3 3 5 4
73 2 3 3 5 4
73 3 4 4 3 5
73 4 4 3 5 3
73 5 5 4 3 5
73 6 3 4 5 3
73 7 5 5 5 3
73 8 4 5 3 5
74 0 3 4 5 5
74 1 4 5 4 5
74 2 4 5 3 4
74 3 3 5 5 5
74 4 4 5 5 5
74 5 5 4 5 5
74 6 3 3 5 4
74 7 3 3 3 3
74 8 5 4 4 3
75 0 3 4 4 3
75 1 5 3 4 4
75 2 5 3 3 5
75 3 5 5 4 4
75 4 4 3 4 5
75 5 5 3 5 5
75 6 3 5 5 4
75 7 5 3 4 5
75 8 3 3 3 4
76 0 4 5 5 3
76 1 5 5 5 3
76 2 5 3 4 5
76 3 3 3 3 3
76 4 4 3 5 4
76 5 3 5 3 5
76 6 3 4 5 4
76 7 3 5 4 5
76 8 4 4 5 4
77 0 5 4 5 5
77 1 5 5 3 4
77 2 4 4 4 4
77 3 5 5 4 3
77 4 5 5 5 4
77 5 5 4 4 3
77 6 4 5 5 5
77 7 3 4 3 5
77 8 5 4 4 4
78 0 3 4 4 4
78 1 3 5 4 5
78 2 5 4 5 3
78 3 3 4 5 3
78 4 5 4 4 4
78 5 3 5 3 4
78 6 4 3 4 3
78 7 4 4 5 3
78 8 4 3 3 3
79 0 4 3 4 5
79 1 3 4 3 4
79 2 3 4 3 4
79 3 3 4 5 3
79 4 3 5 5 4
79 5 4 5 5 3
79 6 4 5 3 3
79 7 5 5 3 4
79 8 3 4 3 5
80 0 5 5 5 5
80 1 4 3 3 4
80 2 5 5 4 5
80 3 3 5 5 5
80 4 3 4 3 4
80 5 3 5 5 4
80 6 3 3 4 5
80 7 4 5 5 4
80 8 4 4 3 4
81 0 4 5 3 5
81 1 3 3 5 5
81 2 3 4 5 3
81 3 3 5 3 3
81 4 5 5 5 3
81 5 5 4 3 4
81 6 4 4 5 5
81 7 4 3 4 4
81 8 5 5 3 4
82 0 4 4 5 5
82 1 4 3 3 4
82 2 5 3 5 4
82 3 3 3 5 5
82 4 3 5 4 3
82 5 3 3 5 5
82 6 3 5 3 4
82 7 5 4 4 4
82 8 3 4 4 3
83 0 5 3 4 5
83 1 4 5 3 4
83 2 5 4 4 5
83 3 4 4 3 4
83 4 4 5 4 5
83 5 5 4 5 5
83 6 5 5 4 5
83 7 5 4 3 5
83 8 4 4 5 3
84 0 3 4 4 5
84 1 4 3 4 5
84 2 3 4 5 4
84 3 5 5 5 3
84 4 4 3 3 5
84 5 5 5 4 3
84 6 3 3 3 3
84 7 3 4 5 3
84 8 4 3 4 5
85 0 5 4 4 5
85 1 3 4 5 5
85 2 4 4 3 4
85 3 5 3 3 3
85 4 5 3 4 5
85 5 4 5 5 5
85 6 4 4 4 4
85 7 4 4 5 4
85 8 3 4 4 4
86 0 3 3 4 3
86 1 5 3 3 5
86 2 3 5 5 5
86 3 3 3 5 3
86 4 4 3 5 3
86 5 5 4 5 3
86 6 4 3 3 5
86 7 4 5 5 5
86 8 4 5 3 3
87 0 4 5 5 3
87 1 5 3 5 4
87 2 5 5 3 4
87 3 3 3 4 5
87 4 4 3 3 3
87 5 3 5 5 4
87 6 5 5 4 4
87 7 5 3 5 4
87 8 3 3 3 4
88 0 3 4 4 3
88 1 5 3 4 4
88 2 5 4 3 3
88 3 3 4 4 3
88 4 5 5 4 4
88 5 3 3 5 3
88 6 5 4 3 3
88 7 3 4 5 4
88 8 4 4 4 3
89 0 3 4 3 4
89 1 5 5 4 4
89 2 5 5 5 5
89 3 5 4 5 3
89 4 4 5 5 4
89 5 4 3 3 3
89 6 4 3 5 3
89 7 5 3 4 3
89 8 5 5 5 5
90 0 3 4 4 4
90 1 5 5 4 3
90 2 3 5 4 5
90 3 4 3 3 3
90 4 4 4 5 5
90 5 3 3 5 4
90 6 4 5 3 4
90 7 4 5 5 5
90 8 4 3 3 3
91 0 5 4 4 4
91 1 4 5 3 4
91 2 4 4 4 3
91 3 3 3 4 4
91 4 4 5 3 4
91 5 4 4 3 4
91 6 3 4 5 4
91 7 5 5 3 4
91 8 4 3 3 3
92 0 5 4 5 5
92 1 4 3 3 3
92 2 5 4 4 4
92 3 4 5 4 3
92 4 4 5 3 3
92 5 4 4 3 4
92 6 3 5 4 4
92 7 4 3 4 4
92 8 4 5 5 4
93 0 3 5 5 3
93 1 4 5 4 5
93 2 3 3 5 5
93 3 3 5 5 4
93 4 5 4 3 4
93 5 5 5 5 3
93 6 3 5 4 5
93 7 5 4 3 5
93 8 3 4 5 4
94 0 3 4 4 3
94 1 5 4 5 5
94 2 5 4 5 3
94 3 3 3 3 4
94 4 5 3 3 5
94 5 5 5 3 5
94 6 4 3 3 3
94 7 3 4 5 3
94 8 5 4 5 4
95 0 5 3 5 4
95 1 5 4 3 3
95 2 5 4 4 4
95 3 5 5 4 4
95 4 4 3 3 3
95 5 5 3 4 4
95 6 4 5 5 4
95 7 3 4 5 4
95 8 4 5 3 4
96 0 5 3 4 5
96 1 3 5 3 3
96 2 3 5 4 4
96 3 4 5 5 4
96 4 4 4 3 4
96 5 3 5 4 5
96 6 5 5 5 5
96 7 3 4 5 4
96 8 4 4 4 5
97 0 4 4 4 3
97 1 5 3 4 4
97 2 4 3 4 5
97 3 4 5 5 3
97 4 3 3 3 4
97 5 3 3 5 3
97 6 4 3 4 3
97 7 5 3 4 3
97 8 4 3 3 3
98 0 5 4 5 5
98 1 4 4 3 4
98 2 3 4 4 4
98 3 3 3 3 3
98 4 3 3 5 4
98 5 3 5 3 4
98 6 3 5 4 3
98 7 4 5 5 3
98 8 4 3 4 3
99 0 4 5 5 5
99 1 4 5 5 4
99 2 5 4 5 5
99 3 3 3 3 3
99 4 5 4 3 4
99 5 4 4 3 5
99 6 3 5 4 3
99 7 3 3 4 5
99 8 3 5 5 5
100 0 3 3 4 4
100 1 5 4 4 5
100 2 5 3 5 3
100 3 5 5 4 3
100 4 3 5 3 3
100 5 5 4 3 3
100 6 5 3 3 4
100 7 5 4 5 3
100 8 5 3 4 4
101 0 5 5 5 4
101 1 0 0 0 0
101 2 0 0 0 0
101 3 0 0 0 0
101 4 0 0 0 0
101 5 0 0 0 0
101 6 0 0 0 0
101 7 0 0 0 0
101 8 0 0 0 0
102 0 5 5 5 5
102 1 5 5 5 5
102 2 0 0 0 0
102 3 0 0 0 0
102 4 0 0 0 0
102 5 0 0 0 0
102 6 0 0 0 0
102 7 0 0 0 0
102 8 0 0 0 0